0
0
0
0
0
300
0
9001
0
1001300
27500
3500
3200
6400
11700
8100
5000
16400
2000
5100
300
300
900
300
1100
300
7800
3600
1700
1000
2900
4800
400
4700
4200
1100
1300
600
700
1200
1100
600
1300
10100
1400
900
1500
2500
1600
3600
1300
2900
15300
7300
36800
100
100
100
100
100
100
100
100
100
100
100
200
100
100
100
100
100
100
100
100
100
100
100
100
100
100
100
100
100
200
100
100
100
100
100
100
100
100
100
100
100
100
100
100
100
100
100
100
100
100
100
100
100
100
100
100
100
100
100
100
100
100
100
100
100
100
100
100
100
100
100
100
100
100
100
100
100
100
100
100
100
100
100
5700
100
100
100
100
100
100
100
100
100
100
100
100
100
100
28100
100
100
200
100
100
100
100
100
300
20400
11800
16200
12100
9600
4500
11700
600
9700
33700
1200
14500
38200
2300
3700
19700
13300
3600
37400
15600
6800
8700
11300
37500
800
1900
9100
1900
6400
12700
